0.00000000 0.00000000 0.52173913 0.00000000 0.47826087 0.00000000
0.06451613 0.06451613 0.08064516 0.00000000 0.75806452 0.03225806
0.18918919 0.13513514 0.28378378 0.32432432 0.02702703 0.04054054
0.26041667 0.00000000 0.07291667 0.33333333 0.00000000 0.33333333
0.49612403 0.05426357 0.07751938 0.01550388 0.06201550 0.29457364
0.33333333 0.33333333 0.33333333 0.00000000 0.00000000 0.00000000
0.02339181 0.13450292 0.05263158 0.27485380 0.00000000 0.51461988
0.00000000 0.00000000 0.17021277 0.00000000 0.82978723 0.00000000
0.00000000 0.00000000 0.25555556 0.00000000 0.74444444 0.00000000
0.49586777 0.14049587 0.05785124 0.00000000 0.00000000 0.30578512
0.10948905 0.00000000 0.08029197 0.31386861 0.00000000 0.49635036
0.17073171 0.12195122 0.18292683 0.10162602 0.09349593 0.32926829
0.10810811 0.12612613 0.11711712 0.11711712 0.27927928 0.25225225
0.00000000 0.00000000 0.26153846 0.00000000 0.61538462 0.12307692
0.00000000 0.00000000 0.25000000 0.00000000 0.73958333 0.01041667
0.00000000 0.00000000 0.44262295 0.00000000 0.32786885 0.22950820
0.17241379 0.03448276 0.07586207 0.24827586 0.31724138 0.15172414
0.24752475 0.16336634 0.00000000 0.21287129 0.00000000 0.37623762
0.26285714 0.34285714 0.11428571 0.03428571 0.00000000 0.24571429
0.00000000 0.00000000 0.33333333 0.22222222 0.33333333 0.11111111
0.23437500 0.21875000 0.12500000 0.32812500 0.00000000 0.09375000
0.07317073 0.00000000 0.39024390 0.12195122 0.14634146 0.26829268
0.00000000 0.00000000 0.31250000 0.00000000 0.68750000 0.00000000
0.00000000 0.00000000 0.00000000 0.23684211 0.00000000 0.76315789
0.00000000 0.00000000 0.45714286 0.00000000 0.42857143 0.11428571
0.00000000 0.00000000 0.41095890 0.38356164 0.00000000 0.20547945
0.12328767 0.17808219 0.31506849 0.17808219 0.00000000 0.20547945
0.00000000 0.00000000 0.00000000 0.00000000 1.00000000 0.00000000
0.00000000 0.00000000 0.34782609 0.04347826 0.60869565 0.00000000
0.08176101 0.00000000 0.15723270 0.21383648 0.02515723 0.52201258
0.00000000 0.00000000 0.46153846 0.38461538 0.07692308 0.07692308
0.01156069 0.00000000 0.26589595 0.18497110 0.00000000 0.53757225
0.00000000 0.00000000 0.94736842 0.00000000 0.05263158 0.00000000
0.00000000 0.00000000 0.37681159 0.00000000 0.59420290 0.02898551
0.00000000 0.00000000 0.65979381 0.02061856 0.31958763 0.00000000
0.02105263 0.03157895 0.04210526 0.05263158 0.54736842 0.30526316
0.00000000 0.00000000 0.55371901 0.07438017 0.27272727 0.09917355
0.00000000 0.00000000 0.29687500 0.00000000 0.70312500 0.00000000
0.30519481 0.21428571 0.11038961 0.12337662 0.00000000 0.24675325
0.00000000 0.00000000 0.64705882 0.00000000 0.35294118 0.00000000
0.15053763 0.16666667 0.00000000 0.37096774 0.00000000 0.31182796
0.00000000 0.00000000 0.30000000 0.33333333 0.36666667 0.00000000
0.00000000 0.00000000 0.50000000 0.00000000 0.50000000 0.00000000
0.29702970 0.16831683 0.03960396 0.14851485 0.17821782 0.16831683
0.00000000 0.00000000 0.80000000 0.00000000 0.10000000 0.10000000
0.00000000 0.00000000 0.17741935 0.00000000 0.82258065 0.00000000
0.06329114 0.08860759 0.40506329 0.16455696 0.13924051 0.13924051
0.00000000 0.00000000 0.19672131 0.16393443 0.54098361 0.09836066
0.09677419 0.09677419 0.01290323 0.20645161 0.00000000 0.58709677
0.00000000 0.00000000 0.24705882 0.24705882 0.00000000 0.50588235
0.04316547 0.04316547 0.00000000 0.23741007 0.04316547 0.63309353
0.00000000 0.00000000 0.23255814 0.16279070 0.00000000 0.60465116
0.13286713 0.26573427 0.03496503 0.18881119 0.00000000 0.37762238
0.16822430 0.16822430 0.15887850 0.04672897 0.13084112 0.32710280
0.00000000 0.00000000 0.18000000 0.00000000 0.82000000 0.00000000
0.25196850 0.00787402 0.25196850 0.08661417 0.00000000 0.40157480
0.00000000 0.00000000 0.22950820 0.00000000 0.77049180 0.00000000
0.00000000 0.00000000 0.33928571 0.10714286 0.48214286 0.07142857
0.13559322 0.06779661 0.16101695 0.14406780 0.00000000 0.49152542
0.00000000 0.20000000 0.56000000 0.00000000 0.24000000 0.00000000
0.00000000 0.00000000 0.04054054 0.00000000 0.75675676 0.20270270
0.08080808 0.01010101 0.13131313 0.39393939 0.16161616 0.22222222
0.07368421 0.10526316 0.21052632 0.12631579 0.35789474 0.12631579
0.12087912 0.02197802 0.29670330 0.16483516 0.00000000 0.39560440
0.08333333 0.05208333 0.18750000 0.64583333 0.00000000 0.03125000
0.00000000 0.00000000 0.21052632 0.48684211 0.07894737 0.22368421
0.14179104 0.00000000 0.11194030 0.28358209 0.32089552 0.14179104
0.00000000 0.00000000 0.60000000 0.15714286 0.24285714 0.00000000
0.15652174 0.00000000 0.13043478 0.53043478 0.00000000 0.18260870
0.04285714 0.04285714 0.14285714 0.00000000 0.77142857 0.00000000
0.10169492 0.00000000 0.27118644 0.23728814 0.20338983 0.18644068
0.07608696 0.25000000 0.26086957 0.09782609 0.15217391 0.16304348
0.31818182 0.11363636 0.17045455 0.13636364 0.00000000 0.26136364
0.28070175 0.01754386 0.07017544 0.22807018 0.00000000 0.40350877
0.03973510 0.03311258 0.13245033 0.27152318 0.00000000 0.52317881
0.53125000 0.12500000 0.34375000 0.00000000 0.00000000 0.00000000
0.22222222 0.13450292 0.01754386 0.16959064 0.20467836 0.25146199
0.00000000 0.00000000 0.21276596 0.00000000 0.12765957 0.65957447
0.06796117 0.00970874 0.13592233 0.11650485 0.55339806 0.11650485
0.03539823 0.11504425 0.03539823 0.23893805 0.00000000 0.57522124
0.00000000 0.00000000 0.16049383 0.00000000 0.83950617 0.00000000
0.00000000 0.00000000 0.35555556 0.08888889 0.00000000 0.55555556
0.13592233 0.21359223 0.32038835 0.10679612 0.02912621 0.19417476
0.00000000 0.00000000 0.15384615 0.00000000 0.02197802 0.82417582
0.00000000 0.00000000 0.80000000 0.03076923 0.10769231 0.06153846
0.00000000 0.00000000 0.24242424 0.10101010 0.57575758 0.08080808
0.06363636 0.00000000 0.21818182 0.46363636 0.00000000 0.25454545
0.00000000 0.18181818 0.57575758 0.02020202 0.22222222 0.00000000
0.02272727 0.02272727 0.45454545 0.32954545 0.00000000 0.17045455
0.15740741 0.10185185 0.03703704 0.49074074 0.00000000 0.21296296
0.12380952 0.00000000 0.15238095 0.31428571 0.19047619 0.21904762
0.00000000 0.00000000 0.46511628 0.02325581 0.51162791 0.00000000
0.00000000 0.00000000 0.10526316 0.00000000 0.89473684 0.00000000
0.23157895 0.13684211 0.00000000 0.32982456 0.00000000 0.30175439
0.27777778 0.02222222 0.28888889 0.07777778 0.33333333 0.00000000
0.00000000 0.00000000 0.54255319 0.01063830 0.44680851 0.00000000
0.00000000 0.00000000 0.31343284 0.01492537 0.67164179 0.00000000
0.05714286 0.00000000 0.17142857 0.11428571 0.22857143 0.42857143
0.07741935 0.02580645 0.02580645 0.26451613 0.00000000 0.60645161
0.00000000 0.00000000 0.05882353 0.16666667 0.00000000 0.77450980
0.00000000 0.00000000 0.31914894 0.00000000 0.68085106 0.00000000
0.10077519 0.08527132 0.02325581 0.66666667 0.00000000 0.12403101
0.26250000 0.05000000 0.07500000 0.16250000 0.11250000 0.33750000
0.34693878 0.11224490 0.13265306 0.00000000 0.00000000 0.40816327
0.00000000 0.00000000 0.00000000 0.00000000 1.00000000 0.00000000
0.19402985 0.04477612 0.00000000 0.22388060 0.04477612 0.49253731
0.00000000 0.00000000 0.00000000 0.00000000 0.00000000 0.00000000
0.16521739 0.13043478 0.12173913 0.36521739 0.00000000 0.21739130
0.12000000 0.12000000 0.20000000 0.12000000 0.00000000 0.44000000
0.25000000 0.25000000 0.40384615 0.00000000 0.00000000 0.09615385
0.13592233 0.11650485 0.23300971 0.33980583 0.00000000 0.17475728
0.77777778 0.00000000 0.00000000 0.00000000 0.22222222 0.00000000
0.11111111 0.02380952 0.16666667 0.16666667 0.00000000 0.53174603
0.09090909 0.00000000 0.64935065 0.05194805 0.00000000 0.20779221
0.02238806 0.00000000 0.17164179 0.30597015 0.00000000 0.50000000
0.00000000 0.00000000 0.04615385 0.81538462 0.00000000 0.13846154
0.04878049 0.00000000 0.46341463 0.00000000 0.00000000 0.48780488
0.10483871 0.15322581 0.01612903 0.18548387 0.04032258 0.50000000
0.25000000 0.04545455 0.04545455 0.44318182 0.00000000 0.21590909
0.00000000 0.00000000 0.21739130 0.00000000 0.78260870 0.00000000
0.00000000 0.00000000 0.13207547 0.01886792 0.79245283 0.05660377
0.00000000 0.13414634 0.65853659 0.00000000 0.20731707 0.00000000
0.00000000 0.00000000 0.11320755 0.16981132 0.26415094 0.45283019
0.00000000 0.00000000 0.78571429 0.00000000 0.21428571 0.00000000
0.41176471 0.47058824 0.11764706 0.00000000 0.00000000 0.00000000
0.04255319 0.10638298 0.14893617 0.00000000 0.36170213 0.34042553
0.00000000 0.00000000 0.36666667 0.48333333 0.15000000 0.00000000
0.05590062 0.01863354 0.22360248 0.13043478 0.00000000 0.57142857
0.00000000 0.00000000 0.29268293 0.00000000 0.70731707 0.00000000
0.27551020 0.00000000 0.44897959 0.14285714 0.00000000 0.13265306
0.31372549 0.09803922 0.09803922 0.32026144 0.00000000 0.16993464
0.00000000 0.00000000 0.27058824 0.52941176 0.00000000 0.20000000
0.00000000 0.00000000 0.25000000 0.00000000 0.25000000 0.50000000
0.02531646 0.00000000 0.00000000 0.17721519 0.10126582 0.69620253
0.19428571 0.26285714 0.18857143 0.08571429 0.00000000 0.26857143
0.00000000 0.12903226 0.74193548 0.00000000 0.12903226 0.00000000
0.00000000 0.00000000 0.24705882 0.07058824 0.68235294 0.00000000
0.00000000 0.00000000 0.15584416 0.06493506 0.77922078 0.00000000
0.00000000 0.04444444 0.35555556 0.06666667 0.11111111 0.42222222
0.04615385 0.00000000 0.16923077 0.13846154 0.00000000 0.64615385
0.00000000 0.00000000 0.23437500 0.00000000 0.76562500 0.00000000
0.00000000 0.00000000 0.31818182 0.00000000 0.68181818 0.00000000
0.00000000 0.00000000 0.33510638 0.14893617 0.44680851 0.06914894
0.13333333 0.08333333 0.61666667 0.00000000 0.00000000 0.16666667
0.00000000 0.00000000 0.47368421 0.00000000 0.52631579 0.00000000
0.27848101 0.10126582 0.16455696 0.12658228 0.13924051 0.18987342
0.00000000 0.00000000 0.11320755 0.16981132 0.71698113 0.00000000
0.00000000 0.00000000 0.09756098 0.00000000 0.90243902 0.00000000
0.00000000 0.00000000 0.00000000 0.00000000 1.00000000 0.00000000
0.02380952 0.00000000 0.00793651 0.24603175 0.02380952 0.69841270
0.00000000 0.00000000 0.67032967 0.13186813 0.14285714 0.05494505
0.00000000 0.00000000 0.27941176 0.01470588 0.70588235 0.00000000
0.26804124 0.17010309 0.00000000 0.29381443 0.06185567 0.20618557
0.22807018 0.18421053 0.00000000 0.32894737 0.00000000 0.25877193
0.24509804 0.18627451 0.00000000 0.30392157 0.00000000 0.26470588
0.07692308 0.21153846 0.21153846 0.11538462 0.13461538 0.25000000
0.00000000 0.00000000 0.16666667 0.00000000 0.56666667 0.26666667
0.00000000 0.00000000 0.08333333 0.00000000 0.00000000 0.91666667
0.00000000 0.00000000 0.21568627 0.00000000 0.78431373 0.00000000
0.18085106 0.00000000 0.13829787 0.34042553 0.00000000 0.34042553
0.83333333 0.00000000 0.16666667 0.00000000 0.00000000 0.00000000
0.00000000 0.06756757 0.16216216 0.10810811 0.66216216 0.00000000
0.02941176 0.00000000 0.00000000 0.54901961 0.00000000 0.42156863
0.18000000 0.08000000 0.12666667 0.34000000 0.00000000 0.27333333
0.02352941 0.05882353 0.22352941 0.10588235 0.01176471 0.57647059
0.07633588 0.03053435 0.16793893 0.54198473 0.00000000 0.18320611
0.44776119 0.08955224 0.03731343 0.17910448 0.11940299 0.12686567
0.35087719 0.23684211 0.12280702 0.00000000 0.00000000 0.28947368
0.00000000 0.21111111 0.70000000 0.00000000 0.08888889 0.00000000
0.00000000 0.00000000 1.00000000 0.00000000 0.00000000 0.00000000
0.00000000 0.00000000 0.45833333 0.00000000 0.41666667 0.12500000
0.08064516 0.00000000 0.35483871 0.14516129 0.00000000 0.41935484
0.00000000 0.00000000 0.28571429 0.21848739 0.46218487 0.03361345
0.00000000 0.00000000 0.10000000 0.00000000 0.90000000 0.00000000
0.28099174 0.14049587 0.17355372 0.40495868 0.00000000 0.00000000
0.31168831 0.08441558 0.00000000 0.34415584 0.00000000 0.25974026
0.00000000 0.00000000 0.21428571 0.00000000 0.78571429 0.00000000
0.15068493 0.00000000 0.30136986 0.00000000 0.00000000 0.54794521
0.00000000 0.02222222 0.51111111 0.13333333 0.24444444 0.08888889
0.12857143 0.00000000 0.21428571 0.57142857 0.00000000 0.08571429
0.00000000 0.00000000 0.11111111 0.17777778 0.71111111 0.00000000
0.32203390 0.05932203 0.03389831 0.39830508 0.00000000 0.18644068
0.00000000 0.14736842 0.78947368 0.00000000 0.06315789 0.00000000
0.09160305 0.15267176 0.03053435 0.11450382 0.13740458 0.47328244
0.30000000 0.00000000 0.30000000 0.13333333 0.16666667 0.10000000
0.00000000 0.33333333 0.00000000 0.00000000 0.66666667 0.00000000
0.01948052 0.05844156 0.00000000 0.53246753 0.00000000 0.38961039
0.00000000 0.00000000 0.15584416 0.58441558 0.15584416 0.10389610
0.03157895 0.27894737 0.12105263 0.37894737 0.07894737 0.11052632
0.11392405 0.00000000 0.02531646 0.21518987 0.00000000 0.64556962
0.00000000 0.00000000 0.00000000 0.00000000 1.00000000 0.00000000
0.07070707 0.00000000 0.06060606 0.33333333 0.00000000 0.53535354
0.03896104 0.01298701 0.33766234 0.16883117 0.25974026 0.18181818
0.00000000 0.00000000 0.15384615 0.05128205 0.00000000 0.79487179
0.03883495 0.00000000 0.02912621 0.53398058 0.23300971 0.16504854
0.00000000 0.00000000 0.46464646 0.25252525 0.26262626 0.02020202
0.00000000 0.00000000 0.27083333 0.47916667 0.00000000 0.25000000
0.04545455 0.07575758 0.00000000 0.01515152 0.15151515 0.71212121
0.07692308 0.00000000 0.37606838 0.47863248 0.00000000 0.06837607
0.00000000 0.00000000 0.20000000 0.13333333 0.66666667 0.00000000
0.18045113 0.06766917 0.18796992 0.10526316 0.00000000 0.45864662
0.00000000 0.00000000 0.29310345 0.00000000 0.70689655 0.00000000
0.48387097 0.51612903 0.00000000 0.00000000 0.00000000 0.00000000
0.00000000 0.00000000 0.24050633 0.00000000 0.75949367 0.00000000
0.36363636 0.00000000 0.00000000 0.36363636 0.00000000 0.27272727
0.00000000 0.00000000 0.12745098 0.00000000 0.87254902 0.00000000
0.21705426 0.23255814 0.00000000 0.00000000 0.20930233 0.34108527
0.00000000 0.00000000 0.36458333 0.45833333 0.00000000 0.17708333
0.19209040 0.29378531 0.00000000 0.25988701 0.03389831 0.22033898
0.00000000 0.00000000 0.50000000 0.00000000 0.50000000 0.00000000
0.02439024 0.00000000 0.29268293 0.04878049 0.58536585 0.04878049
0.03076923 0.00000000 0.16923077 0.56923077 0.06153846 0.16923077
0.00000000 0.00000000 0.11340206 0.00000000 0.88659794 0.00000000
0.01149425 0.00000000 0.13793103 0.00000000 0.08045977 0.77011494
0.11057692 0.04807692 0.10096154 0.28846154 0.00000000 0.45192308
0.19565217 0.00000000 0.64130435 0.00000000 0.00000000 0.16304348
0.00000000 0.00000000 0.27272727 0.00000000 0.72727273 0.00000000
0.00000000 0.00000000 0.35000000 0.00000000 0.65000000 0.00000000
0.10483871 0.09677419 0.23387097 0.13709677 0.00000000 0.42741935
0.02654867 0.04424779 0.09734513 0.24778761 0.02654867 0.55752212
0.02439024 0.00000000 0.32926829 0.03658537 0.57317073 0.03658537
0.09090909 0.24242424 0.00000000 0.03030303 0.00000000 0.63636364
0.00000000 0.00000000 0.18461538 0.00000000 0.81538462 0.00000000
0.29670330 0.25824176 0.08791209 0.03296703 0.00000000 0.32417582
0.34862385 0.15596330 0.06422018 0.30275229 0.00000000 0.12844037
0.25365854 0.42439024 0.12195122 0.08780488 0.00000000 0.11219512
0.07272727 0.41818182 0.00000000 0.00000000 0.00000000 0.50909091
0.04395604 0.07692308 0.21978022 0.35164835 0.00000000 0.30769231
0.00000000 0.04166667 0.58333333 0.27083333 0.10416667 0.00000000
0.17142857 0.00000000 0.00000000 0.00000000 0.00000000 0.82857143
0.22222222 0.64814815 0.00000000 0.00000000 0.07407407 0.05555556
0.25000000 0.21875000 0.06250000 0.03125000 0.03125000 0.40625000
0.04109589 0.00000000 0.04109589 0.08219178 0.06849315 0.76712329
0.00000000 0.00000000 0.43220339 0.00000000 0.56779661 0.00000000
0.20000000 0.06956522 0.17391304 0.39130435 0.00000000 0.16521739
0.09821429 0.03571429 0.20535714 0.60714286 0.00000000 0.05357143
0.00000000 0.00000000 0.16666667 0.03333333 0.28333333 0.51666667
0.09090909 0.04545455 0.10606061 0.00000000 0.19696970 0.56060606
0.00000000 0.00000000 0.26666667 0.35555556 0.17777778 0.20000000
0.00000000 0.00000000 0.53125000 0.00000000 0.46875000 0.00000000
0.00000000 0.00000000 0.36607143 0.00000000 0.63392857 0.00000000
0.30303030 0.27272727 0.09090909 0.07272727 0.08484848 0.17575758
0.00000000 0.00000000 0.42857143 0.00000000 0.57142857 0.00000000
0.00000000 0.00000000 0.04545455 0.00000000 0.95454545 0.00000000
0.21428571 0.21428571 0.46428571 0.00000000 0.10714286 0.00000000
0.20175439 0.09649123 0.14912281 0.42105263 0.00000000 0.13157895
0.03296703 0.00000000 0.07692308 0.63736264 0.10989011 0.14285714
0.05217391 0.00000000 0.44347826 0.28695652 0.00000000 0.21739130
0.17931034 0.11724138 0.24827586 0.13103448 0.18620690 0.13793103
0.19200000 0.00000000 0.00000000 0.12800000 0.00000000 0.68000000
0.23170732 0.15853659 0.19512195 0.23170732 0.00000000 0.18292683
0.00000000 0.08823529 0.17647059 0.00000000 0.64705882 0.08823529
0.35333333 0.17333333 0.12666667 0.24000000 0.00000000 0.10666667
0.38202247 0.02247191 0.00000000 0.20224719 0.20224719 0.19101124
0.00769231 0.00000000 0.10000000 0.35384615 0.26153846 0.27692308
0.35582822 0.07975460 0.06134969 0.36196319 0.00000000 0.14110429
0.00000000 0.00000000 0.22222222 0.00000000 0.77777778 0.00000000
0.23140496 0.09090909 0.11570248 0.42148760 0.00826446 0.13223140
0.04225352 0.00000000 0.45070423 0.14084507 0.21126761 0.15492958
0.09090909 0.00000000 0.00000000 0.45454545 0.00000000 0.45454545
0.00000000 0.00000000 0.13953488 0.00000000 0.86046512 0.00000000
0.00000000 0.00000000 0.11764706 0.00000000 0.88235294 0.00000000
0.26923077 0.30769231 0.00000000 0.26923077 0.00000000 0.15384615
0.00000000 0.03738318 0.14953271 0.24299065 0.48598131 0.08411215
0.18644068 0.03389831 0.13559322 0.45762712 0.00000000 0.18644068
0.00000000 0.00000000 0.14285714 0.48051948 0.12987013 0.24675325
0.00000000 0.00000000 0.15217391 0.06521739 0.78260870 0.00000000
0.00000000 0.00000000 0.54166667 0.34722222 0.11111111 0.00000000
0.00000000 0.00000000 0.19565217 0.00000000 0.80434783 0.00000000
0.00000000 0.00000000 0.43939394 0.00000000 0.56060606 0.00000000
0.17557252 0.03053435 0.10687023 0.35114504 0.00000000 0.33587786
0.00000000 0.00000000 0.18181818 0.00000000 0.81818182 0.00000000
0.00000000 0.00000000 0.17391304 0.57391304 0.00000000 0.25217391
0.24074074 0.13580247 0.16666667 0.03703704 0.00000000 0.41975309
0.26315789 0.17105263 0.00000000 0.31578947 0.00000000 0.25000000
0.00000000 0.00000000 0.75438596 0.00000000 0.24561404 0.00000000
0.00000000 0.00000000 0.46296296 0.09259259 0.44444444 0.00000000
0.00000000 0.00000000 0.00000000 0.00000000 1.00000000 0.00000000
0.00000000 0.00000000 0.17142857 0.07142857 0.02857143 0.72857143
0.10869565 0.04347826 0.16304348 0.21739130 0.42391304 0.04347826
0.34615385 0.10000000 0.03846154 0.11538462 0.20769231 0.19230769
0.13114754 0.00000000 0.27868852 0.09836066 0.16393443 0.32786885
0.03669725 0.00000000 0.17431193 0.64220183 0.00000000 0.14678899
0.00000000 0.00000000 0.32432432 0.00000000 0.24324324 0.43243243
0.01282051 0.10256410 0.23076923 0.12820513 0.43589744 0.08974359
0.00000000 0.00000000 0.24691358 0.07407407 0.67901235 0.00000000
0.28440367 0.08256881 0.12844037 0.13761468 0.12844037 0.23853211
0.15315315 0.18918919 0.00000000 0.54954955 0.00000000 0.10810811
0.00000000 0.00000000 0.00000000 0.00000000 1.00000000 0.00000000
0.00000000 0.00000000 0.17391304 0.00000000 0.82608696 0.00000000
0.00000000 0.00000000 0.00000000 0.00000000 0.00000000 0.00000000
0.00000000 0.00000000 1.00000000 0.00000000 0.00000000 0.00000000
0.03296703 0.00000000 0.17582418 0.03296703 0.57142857 0.18681319
0.00000000 0.00000000 0.30769231 0.00000000 0.69230769 0.00000000
0.00000000 0.00000000 0.37704918 0.00000000 0.62295082 0.00000000
0.00000000 0.00000000 0.20000000 0.00000000 0.80000000 0.00000000
0.35714286 0.35714286 0.00000000 0.00000000 0.28571429 0.00000000
0.18750000 0.00000000 0.00000000 0.00000000 0.52083333 0.29166667
0.15686275 0.05882353 0.24836601 0.19607843 0.09803922 0.24183007
0.00000000 0.00000000 0.16793893 0.07633588 0.62595420 0.12977099
0.00000000 0.00000000 0.20689655 0.48275862 0.00000000 0.31034483
0.03076923 0.03076923 0.16923077 0.18461538 0.44615385 0.13846154
0.06547619 0.00000000 0.05357143 0.36309524 0.00000000 0.51785714
0.00000000 0.00000000 0.25454545 0.00000000 0.74545455 0.00000000
0.00000000 0.00000000 0.10576923 0.49038462 0.00000000 0.40384615
0.23404255 0.00000000 0.46808511 0.06382979 0.00000000 0.23404255
0.00000000 0.00000000 0.13333333 0.00000000 0.86666667 0.00000000
0.00000000 0.00000000 0.21518987 0.00000000 0.74683544 0.03797468
0.06097561 0.31707317 0.28048780 0.06097561 0.14634146 0.13414634
0.13586957 0.17391304 0.23369565 0.24456522 0.05978261 0.15217391
0.06201550 0.00000000 0.20155039 0.17054264 0.00000000 0.56589147
0.27142857 0.01428571 0.30000000 0.01428571 0.27142857 0.12857143
0.00000000 0.00000000 0.46153846 0.00000000 0.43589744 0.10256410
0.00000000 0.00000000 0.30357143 0.00000000 0.69642857 0.00000000
0.15168539 0.08426966 0.12359551 0.42134831 0.09550562 0.12359551
0.57954545 0.07954545 0.30681818 0.00000000 0.00000000 0.03409091
0.00000000 0.00000000 0.27631579 0.00000000 0.72368421 0.00000000
0.00000000 0.00000000 0.13924051 0.22784810 0.55696203 0.07594937
0.07407407 0.05555556 0.12962963 0.16666667 0.55555556 0.01851852
0.00000000 0.00000000 0.13636364 0.00000000 0.86363636 0.00000000
0.00000000 0.00000000 0.58620690 0.34482759 0.06896552 0.00000000
0.00000000 0.00000000 0.24324324 0.00000000 0.75675676 0.00000000
0.09756098 0.17073171 0.41463415 0.00000000 0.31707317 0.00000000
0.00000000 0.00000000 0.42666667 0.00000000 0.57333333 0.00000000
0.00000000 0.05357143 0.51785714 0.08928571 0.14285714 0.19642857
0.00000000 0.00000000 0.23529412 0.38235294 0.38235294 0.00000000
0.00000000 0.00000000 0.31858407 0.00000000 0.68141593 0.00000000
0.63265306 0.10204082 0.00000000 0.12244898 0.00000000 0.14285714
0.00000000 0.00000000 0.05405405 0.00000000 0.94594595 0.00000000
0.07692308 0.00000000 0.00000000 0.64102564 0.00000000 0.28205128
0.00000000 0.00000000 0.77500000 0.02500000 0.11250000 0.08750000
0.09677419 0.00000000 0.00000000 0.00000000 0.00000000 0.90322581
0.02941176 0.02941176 0.14705882 0.23529412 0.38235294 0.17647059
0.04615385 0.00000000 0.30769231 0.24615385 0.00000000 0.40000000
0.29113924 0.18987342 0.15189873 0.15189873 0.00000000 0.21518987
0.30612245 0.29931973 0.17687075 0.00000000 0.09523810 0.12244898
0.17123288 0.30821918 0.13698630 0.14383562 0.00000000 0.23972603
0.00000000 0.00000000 0.09090909 0.00000000 0.90909091 0.00000000
0.11111111 0.00000000 0.18518519 0.00000000 0.22222222 0.48148148
0.00000000 0.00000000 0.32323232 0.04040404 0.63636364 0.00000000
0.00000000 0.32258065 0.40322581 0.06451613 0.19354839 0.01612903
0.00000000 0.04166667 0.54166667 0.25000000 0.16666667 0.00000000
0.00000000 0.18823529 0.65882353 0.00000000 0.15294118 0.00000000
0.10769231 0.09230769 0.18461538 0.29230769 0.00000000 0.32307692
0.00000000 0.00000000 0.22916667 0.22916667 0.35416667 0.18750000
0.00000000 0.00000000 0.15068493 0.20547945 0.52054795 0.12328767
0.25252525 0.00000000 0.12121212 0.50505051 0.00000000 0.12121212
0.01980198 0.00000000 0.12871287 0.14851485 0.69306931 0.00990099
0.28571429 0.16770186 0.02484472 0.19254658 0.00000000 0.32919255
0.12500000 0.18055556 0.43055556 0.09722222 0.00000000 0.16666667
0.00000000 0.00000000 0.31884058 0.00000000 0.68115942 0.00000000
0.06542056 0.21495327 0.16822430 0.09345794 0.05607477 0.40186916
0.00000000 0.00000000 0.48192771 0.00000000 0.51807229 0.00000000
0.13253012 0.06024096 0.09638554 0.25301205 0.00000000 0.45783133
0.01886792 0.00000000 0.18867925 0.00000000 0.79245283 0.00000000
0.00000000 0.14035088 0.00000000 0.40350877 0.00000000 0.45614035
0.00000000 0.00000000 0.28205128 0.00000000 0.71794872 0.00000000
0.10000000 0.04000000 0.12000000 0.40000000 0.00000000 0.34000000
0.02919708 0.00000000 0.00729927 0.34306569 0.00000000 0.62043796
0.05263158 0.01754386 0.12280702 0.50000000 0.00000000 0.30701754
0.18604651 0.08720930 0.09302326 0.33720930 0.00000000 0.29651163
0.01960784 0.33333333 0.49019608 0.01960784 0.13725490 0.00000000
0.34810127 0.34177215 0.08227848 0.00000000 0.00000000 0.22784810
0.02702703 0.00000000 0.10810811 0.05405405 0.01351351 0.79729730
0.41221374 0.23664122 0.02290076 0.02290076 0.00000000 0.30534351
0.00000000 0.00000000 0.20689655 0.00000000 0.79310345 0.00000000
0.00000000 0.00000000 0.34782609 0.00000000 0.65217391 0.00000000
0.38709677 0.09677419 0.09677419 0.16129032 0.00000000 0.25806452
0.02857143 0.00952381 0.13333333 0.36190476 0.44761905 0.01904762
0.36000000 0.00000000 0.21333333 0.20000000 0.18666667 0.04000000
0.62820513 0.00000000 0.19230769 0.00000000 0.00000000 0.17948718
0.21167883 0.07299270 0.04379562 0.36496350 0.02919708 0.27737226
0.15625000 0.11718750 0.00000000 0.37500000 0.00000000 0.35156250
0.00000000 0.00000000 0.28571429 0.00000000 0.71428571 0.00000000
0.10344828 0.31034483 0.25862069 0.12068966 0.00000000 0.20689655
0.19078947 0.09868421 0.05263158 0.39473684 0.00000000 0.26315789
0.03278689 0.50000000 0.04098361 0.24590164 0.06557377 0.11475410
0.00000000 0.00000000 0.76785714 0.00000000 0.23214286 0.00000000
0.04651163 0.00000000 0.05813953 0.39534884 0.00000000 0.50000000
0.00000000 0.00000000 0.24324324 0.00000000 0.75675676 0.00000000
0.00000000 0.00000000 0.27142857 0.10714286 0.00000000 0.62142857
0.07142857 0.02380952 0.16666667 0.58333333 0.00000000 0.15476190
0.00000000 0.00000000 0.87323944 0.07042254 0.05633803 0.00000000
0.26829268 0.00000000 0.43902439 0.12195122 0.14634146 0.02439024
0.00000000 0.23529412 0.17647059 0.00000000 0.00000000 0.58823529
0.44961240 0.12403101 0.00000000 0.15503876 0.00000000 0.27131783
0.00000000 0.00000000 0.33333333 0.00000000 0.66666667 0.00000000
0.00000000 0.00000000 0.00000000 0.72093023 0.00000000 0.27906977
0.00000000 0.00000000 0.18750000 0.00000000 0.81250000 0.00000000
0.32236842 0.11184211 0.11184211 0.09868421 0.00000000 0.35526316
0.00000000 0.12962963 0.33333333 0.00000000 0.00000000 0.53703704
0.38125000 0.20000000 0.00000000 0.14375000 0.00000000 0.27500000
0.00000000 0.00000000 0.36231884 0.00000000 0.63768116 0.00000000
0.00000000 0.00000000 0.41904762 0.04761905 0.50476190 0.02857143
0.03571429 0.04285714 0.31428571 0.08571429 0.00000000 0.52142857
0.00000000 0.00000000 0.12790698 0.00000000 0.87209302 0.00000000
0.26153846 0.00000000 0.24615385 0.46153846 0.03076923 0.00000000
0.00000000 0.00000000 0.66197183 0.04225352 0.29577465 0.00000000
0.00000000 0.00000000 0.31818182 0.07954545 0.52272727 0.07954545
0.09756098 0.17073171 0.07317073 0.00000000 0.00000000 0.65853659
0.27692308 0.37435897 0.08717949 0.04102564 0.02051282 0.20000000
0.00000000 0.00000000 0.33333333 0.00000000 0.64705882 0.01960784
0.04838710 0.00000000 0.14516129 0.14516129 0.51612903 0.14516129
0.04347826 0.00000000 0.30434783 0.15942029 0.31884058 0.17391304
0.36585366 0.00000000 0.00000000 0.12195122 0.00000000 0.51219512
0.00000000 0.00000000 0.28070175 0.00000000 0.71929825 0.00000000
0.00000000 0.00000000 0.21951220 0.00000000 0.78048780 0.00000000
0.00000000 0.00000000 0.40816327 0.00000000 0.59183673 0.00000000
0.14876033 0.14876033 0.10743802 0.19008264 0.04958678 0.35537190
0.00000000 0.00000000 0.20270270 0.00000000 0.79729730 0.00000000
0.16363636 0.05454545 0.05454545 0.00000000 0.27272727 0.45454545
0.09523810 0.04761905 0.21428571 0.14285714 0.00000000 0.50000000
0.00000000 0.00000000 0.25000000 0.00000000 0.75000000 0.00000000
0.10810811 0.10810811 0.01351351 0.12162162 0.16216216 0.48648649
0.00000000 0.00000000 0.34375000 0.00000000 0.65625000 0.00000000
0.00000000 0.00000000 1.00000000 0.00000000 0.00000000 0.00000000
0.00000000 0.00000000 0.22222222 0.44444444 0.23333333 0.10000000
0.00000000 0.05405405 0.10810811 0.00000000 0.56756757 0.27027027
0.16058394 0.00000000 0.00000000 0.64233577 0.00000000 0.19708029
0.00000000 0.00000000 0.19417476 0.04854369 0.64077670 0.11650485
0.00000000 0.00000000 0.00000000 0.00000000 1.00000000 0.00000000
0.00000000 0.00000000 0.57894737 0.00000000 0.42105263 0.00000000
0.06930693 0.28712871 0.18811881 0.12871287 0.00000000 0.32673267
0.00000000 0.07894737 0.47368421 0.00000000 0.00000000 0.44736842
0.00000000 0.00000000 0.15454545 0.00000000 0.84545455 0.00000000
0.00000000 0.00000000 0.34482759 0.00000000 0.65517241 0.00000000
0.01960784 0.00000000 0.15686275 0.45098039 0.15686275 0.21568627
0.37681159 0.05797101 0.08695652 0.05797101 0.02898551 0.39130435
0.19417476 0.14563107 0.00000000 0.45631068 0.00000000 0.20388350
0.00000000 0.00000000 0.14457831 0.43373494 0.42168675 0.00000000
0.00000000 0.00000000 0.15384615 0.00000000 0.84615385 0.00000000
0.00000000 0.00000000 0.19101124 0.00000000 0.80898876 0.00000000
0.08045977 0.10344828 0.31034483 0.16091954 0.13793103 0.20689655
0.34000000 0.07000000 0.16000000 0.19000000 0.00000000 0.24000000
0.26446281 0.11570248 0.06611570 0.18181818 0.06611570 0.30578512
0.29333333 0.11333333 0.10666667 0.19333333 0.10666667 0.18666667
0.00000000 0.00000000 0.32500000 0.00000000 0.35000000 0.32500000
0.02816901 0.05633803 0.07042254 0.54929577 0.00000000 0.29577465
0.19767442 0.32558140 0.12790698 0.15116279 0.00000000 0.19767442
0.00000000 0.00000000 0.39130435 0.01739130 0.57391304 0.01739130
0.08974359 0.06410256 0.02564103 0.32692308 0.00000000 0.49358974
0.00000000 0.00000000 0.15942029 0.08695652 0.43478261 0.31884058
0.00000000 0.00000000 0.00000000 0.00000000 1.00000000 0.00000000
0.32812500 0.02343750 0.05468750 0.42187500 0.00000000 0.17187500
0.00000000 0.02985075 0.22388060 0.11940299 0.58208955 0.04477612
0.00000000 0.00000000 0.78571429 0.00000000 0.21428571 0.00000000
0.00000000 0.00000000 0.25714286 0.51428571 0.00000000 0.22857143
0.00000000 0.00000000 0.39784946 0.00000000 0.60215054 0.00000000
0.00793651 0.03968254 0.18253968 0.43650794 0.00000000 0.33333333
0.06086957 0.21739130 0.20000000 0.12173913 0.21739130 0.18260870
0.22727273 0.04545455 0.54545455 0.13636364 0.00000000 0.04545455
0.00000000 0.00000000 0.40298507 0.00000000 0.59701493 0.00000000
0.00000000 0.00000000 0.49565217 0.09565217 0.29565217 0.11304348
0.00000000 0.00000000 0.23076923 0.00000000 0.76923077 0.00000000
0.22666667 0.12000000 0.30666667 0.14666667 0.00000000 0.20000000
0.04878049 0.18292683 0.41463415 0.00000000 0.20731707 0.14634146
0.00000000 0.00000000 0.16216216 0.05405405 0.78378378 0.00000000
0.03750000 0.00000000 0.08750000 0.00000000 0.00000000 0.87500000
0.17180617 0.17180617 0.03964758 0.27312775 0.05286344 0.29074890
0.16935484 0.11290323 0.41935484 0.09677419 0.20161290 0.00000000
0.21904762 0.30476190 0.12857143 0.00000000 0.20000000 0.14761905
0.00000000 0.27083333 0.06250000 0.47916667 0.00000000 0.18750000
0.00000000 0.00000000 0.44444444 0.25925926 0.00000000 0.29629630
0.17647059 0.00000000 0.25133690 0.08556150 0.00000000 0.48663102
0.00000000 0.00000000 0.48275862 0.13793103 0.37931034 0.00000000
0.15517241 0.15517241 0.33620690 0.09482759 0.00000000 0.25862069
0.37037037 0.27160494 0.23456790 0.00000000 0.00000000 0.12345679
0.00000000 0.06122449 0.67346939 0.00000000 0.26530612 0.00000000
0.24460432 0.12230216 0.17266187 0.22302158 0.12230216 0.11510791
0.10204082 0.00000000 0.73469388 0.00000000 0.06122449 0.10204082
0.00000000 0.00000000 0.00000000 0.12790698 0.04651163 0.82558140
0.08510638 0.00000000 0.48936170 0.12765957 0.27659574 0.02127660
0.39361702 0.00000000 0.10638298 0.10638298 0.21276596 0.18085106
0.23357664 0.24087591 0.00000000 0.29927007 0.00000000 0.22627737
0.09523810 0.02857143 0.40952381 0.18095238 0.13333333 0.15238095
0.20000000 0.00000000 0.16666667 0.00000000 0.53333333 0.10000000
0.25373134 0.08955224 0.14925373 0.29850746 0.00000000 0.20895522
0.37662338 0.23376623 0.15584416 0.11688312 0.01298701 0.10389610
0.00000000 0.00000000 0.39062500 0.21875000 0.20312500 0.18750000
0.00000000 0.00000000 0.45945946 0.00000000 0.54054054 0.00000000
0.04878049 0.04878049 0.30487805 0.20731707 0.39024390 0.00000000
0.00000000 0.00000000 0.02941176 0.00000000 0.97058824 0.00000000
0.00000000 0.01754386 0.59649123 0.00000000 0.38596491 0.00000000
0.00000000 0.00000000 0.50980392 0.00000000 0.49019608 0.00000000
0.16000000 0.09142857 0.04571429 0.30857143 0.00000000 0.39428571
0.00000000 0.00000000 0.00000000 0.00000000 1.00000000 0.00000000
0.08144796 0.00000000 0.29411765 0.23529412 0.29864253 0.09049774
0.29807692 0.01923077 0.01923077 0.29807692 0.00000000 0.36538462
0.00000000 0.00000000 0.25000000 0.02083333 0.68750000 0.04166667
0.13286713 0.06293706 0.11188811 0.58041958 0.00000000 0.11188811
0.00000000 0.00000000 0.24000000 0.00000000 0.76000000 0.00000000
0.17948718 0.00000000 0.20512821 0.25641026 0.00000000 0.35897436
0.12222222 0.01111111 0.22222222 0.12222222 0.00000000 0.52222222
0.00000000 0.00000000 0.00000000 0.43283582 0.56716418 0.00000000
0.11764706 0.05147059 0.13235294 0.27205882 0.32352941 0.10294118
0.00000000 0.00000000 0.00000000 0.75238095 0.12380952 0.12380952
0.00000000 0.00000000 0.74000000 0.00000000 0.26000000 0.00000000
0.28421053 0.00000000 0.13684211 0.11578947 0.00000000 0.46315789
0.00000000 0.00000000 0.64285714 0.00000000 0.35714286 0.00000000
0.27737226 0.16788321 0.16058394 0.26277372 0.00000000 0.13138686
0.05084746 0.06779661 0.20338983 0.08474576 0.42372881 0.16949153
0.33587786 0.11450382 0.15267176 0.14503817 0.11450382 0.13740458
0.02597403 0.10389610 0.31168831 0.12987013 0.25974026 0.16883117
0.00000000 0.00000000 0.19819820 0.63963964 0.00000000 0.16216216
0.12751678 0.04697987 0.05369128 0.46308725 0.00000000 0.30872483
0.20338983 0.00000000 0.00000000 0.37288136 0.00000000 0.42372881
0.00000000 0.00000000 0.15315315 0.09909910 0.65765766 0.09009009
0.03278689 0.00000000 0.26229508 0.18032787 0.49180328 0.03278689
0.00000000 0.00000000 0.33333333 0.00000000 0.66666667 0.00000000
0.17213115 0.00000000 0.00000000 0.21311475 0.00000000 0.61475410
0.21100917 0.00000000 0.00000000 0.43119266 0.00000000 0.35779817
0.00000000 0.00000000 0.54368932 0.00000000 0.45631068 0.00000000
0.00000000 0.00000000 0.27868852 0.00000000 0.72131148 0.00000000
0.00000000 0.00000000 0.18400000 0.38400000 0.00000000 0.43200000
0.03278689 0.00000000 0.14754098 0.00000000 0.81967213 0.00000000
0.33333333 0.00000000 0.66666667 0.00000000 0.00000000 0.00000000
0.00000000 0.00000000 0.07947020 0.52317881 0.00000000 0.39735099
0.00000000 0.00000000 0.47500000 0.07500000 0.45000000 0.00000000
0.16176471 0.00000000 0.60294118 0.08823529 0.00000000 0.14705882
0.10084034 0.00000000 0.15966387 0.50420168 0.00000000 0.23529412
0.18181818 0.23636364 0.03636364 0.36363636 0.00000000 0.18181818
0.00000000 0.00000000 0.20588235 0.00000000 0.79411765 0.00000000
0.51685393 0.02247191 0.12359551 0.15730337 0.00000000 0.17977528
0.00000000 0.00000000 0.49122807 0.02631579 0.48245614 0.00000000
0.00000000 0.00000000 0.19047619 0.00000000 0.80952381 0.00000000
0.10256410 0.00000000 0.25641026 0.07692308 0.30769231 0.25641026
0.00666667 0.00000000 0.02000000 0.34666667 0.00000000 0.62666667
0.19463087 0.01342282 0.18120805 0.36241611 0.00000000 0.24832215
0.00000000 0.00000000 0.16883117 0.00000000 0.83116883 0.00000000
0.11875000 0.00000000 0.13750000 0.24375000 0.00000000 0.50000000
0.00000000 0.00000000 0.19480519 0.00000000 0.80519481 0.00000000
0.11363636 0.00000000 0.20454545 0.38636364 0.29545455 0.00000000
0.55468750 0.22656250 0.01562500 0.10156250 0.00000000 0.10156250
0.00000000 0.00000000 0.55172414 0.27586207 0.17241379 0.00000000
0.29370629 0.09790210 0.00000000 0.37762238 0.00000000 0.23076923
0.00000000 0.00000000 0.18333333 0.00000000 0.81666667 0.00000000
0.28488372 0.05813953 0.11627907 0.45348837 0.00000000 0.08720930
0.26785714 0.06250000 0.16071429 0.35714286 0.00000000 0.15178571
0.00000000 0.00000000 0.06976744 0.00000000 0.93023256 0.00000000
0.00000000 0.00000000 0.32500000 0.00000000 0.67500000 0.00000000
0.36448598 0.28971963 0.00000000 0.03738318 0.00000000 0.30841121
0.04678363 0.00000000 0.09356725 0.31578947 0.00000000 0.54385965
0.00000000 0.00000000 0.36792453 0.00000000 0.63207547 0.00000000
0.59223301 0.14563107 0.00000000 0.03883495 0.00000000 0.22330097
0.02702703 0.00000000 0.33783784 0.05405405 0.50000000 0.08108108
0.06896552 0.00000000 0.10344828 0.32758621 0.00000000 0.50000000
0.00000000 0.00000000 0.04347826 0.53043478 0.20000000 0.22608696
0.11111111 0.08496732 0.00000000 0.34640523 0.00000000 0.45751634
0.00000000 0.00000000 0.00000000 0.00000000 1.00000000 0.00000000
0.00000000 0.00000000 0.27586207 0.00000000 0.72413793 0.00000000
0.00000000 0.00000000 0.36842105 0.00000000 0.63157895 0.00000000
0.00000000 0.00000000 1.00000000 0.00000000 0.00000000 0.00000000
0.29921260 0.07874016 0.03149606 0.38582677 0.00000000 0.20472441
0.17391304 0.20289855 0.04347826 0.14492754 0.14492754 0.28985507
0.16981132 0.00000000 0.01886792 0.60377358 0.03773585 0.16981132
0.18571429 0.04285714 0.32857143 0.15714286 0.00000000 0.28571429
0.10000000 0.00000000 0.15000000 0.00000000 0.72500000 0.02500000
0.00000000 0.00000000 0.14084507 0.00000000 0.85915493 0.00000000
0.07812500 0.25000000 0.40625000 0.00000000 0.00000000 0.26562500
0.30666667 0.21333333 0.08000000 0.14666667 0.00000000 0.25333333
0.32258065 0.38064516 0.00000000 0.02580645 0.00000000 0.27096774
0.12500000 0.00000000 0.03750000 0.11250000 0.27500000 0.45000000
0.17261905 0.16071429 0.01190476 0.22023810 0.00000000 0.43452381
0.17837838 0.17837838 0.17837838 0.22702703 0.00000000 0.23783784
0.18644068 0.00000000 0.00000000 0.52542373 0.00000000 0.28813559
0.00000000 0.00000000 0.15094340 0.00000000 0.84905660 0.00000000
0.20930233 0.02325581 0.06976744 0.49612403 0.00000000 0.20155039
0.00000000 0.00000000 0.43076923 0.00000000 0.56923077 0.00000000
0.00000000 0.00000000 0.40000000 0.05000000 0.55000000 0.00000000
0.00000000 0.00000000 0.52325581 0.17441860 0.01162791 0.29069767
0.02479339 0.00000000 0.11570248 0.18181818 0.23966942 0.43801653
0.00000000 0.00000000 0.41379310 0.00000000 0.58620690 0.00000000
0.00000000 0.00000000 0.41584158 0.04950495 0.53465347 0.00000000
0.13924051 0.10126582 0.11392405 0.24050633 0.35443038 0.05063291
0.00000000 0.00000000 0.22535211 0.14084507 0.00000000 0.63380282
0.00000000 0.00000000 0.43835616 0.04109589 0.32876712 0.19178082
0.00000000 0.11764706 0.23529412 0.00000000 0.58823529 0.05882353
0.11392405 0.00000000 0.20253165 0.24050633 0.26582278 0.17721519
0.16766467 0.05988024 0.13772455 0.47305389 0.00000000 0.16167665
0.04166667 0.00000000 0.45833333 0.21666667 0.00000000 0.28333333
0.00000000 0.00000000 0.08433735 0.00000000 0.00000000 0.91566265
0.00000000 0.00000000 0.00000000 0.00000000 0.62500000 0.37500000
0.20338983 0.00000000 0.12429379 0.24293785 0.00000000 0.42937853
0.00000000 0.00000000 0.40909091 0.18181818 0.22727273 0.18181818
0.00000000 0.00000000 0.51063830 0.20212766 0.00000000 0.28723404
0.00000000 0.00000000 0.00000000 0.00000000 0.00000000 0.00000000
0.00000000 0.00000000 0.10000000 0.55000000 0.00000000 0.35000000
0.00000000 0.00000000 0.32786885 0.13114754 0.31147541 0.22950820
0.00000000 0.00000000 0.60606061 0.03030303 0.32323232 0.04040404
0.00000000 0.00000000 0.00000000 0.00000000 1.00000000 0.00000000
0.00000000 0.00000000 0.22641509 0.00000000 0.75471698 0.01886792
0.25757576 0.00000000 0.33333333 0.21212121 0.19696970 0.00000000
0.35593220 0.02542373 0.15254237 0.29661017 0.00000000 0.16949153
0.10833333 0.09166667 0.00000000 0.13333333 0.00000000 0.66666667
0.25735294 0.30147059 0.15441176 0.11764706 0.00000000 0.16911765
0.00000000 0.00000000 0.33333333 0.00000000 0.57142857 0.09523810
0.03529412 0.00000000 0.18823529 0.32941176 0.00000000 0.44705882
0.31645570 0.00000000 0.00000000 0.00000000 0.34177215 0.34177215
0.00000000 0.00000000 0.07368421 0.07368421 0.00000000 0.85263158
0.31666667 0.02500000 0.05833333 0.32500000 0.25833333 0.01666667
0.06172840 0.00000000 0.00000000 0.00000000 0.46913580 0.46913580
0.00000000 0.00000000 0.26923077 0.46153846 0.00000000 0.26923077
0.00000000 0.00000000 0.26136364 0.00000000 0.73863636 0.00000000
0.00000000 0.00000000 0.11111111 0.00000000 0.88888889 0.00000000
0.00000000 0.00000000 0.40697674 0.00000000 0.59302326 0.00000000
0.00000000 0.00000000 0.88888889 0.05555556 0.00000000 0.05555556
